6
2 2 0
22
22
1 1
1 1
2 2 2
22
22
1 1
1 1
4 4 5
2134
2#23
2#22
2221
1 1
3 3
4 4 7
2134
2#23
2#22
2221
1 1
3 3
4 4 50
2#34
2#23
2#22
2#21
1 1
3 3
50 50 50
12345678911234567891123456789112345678911234567891
12345678911234567891123456789112345678911234567891
12345678911234567891123456789112345678911234567891
12345678911234567891123456789112345678911234567891
12345678911234567891123456789112345678911234567891
12345678911234567891123456789112345678911234567891
12345678911234567891123456789112345678911234567891
12345678911234567891123456789112345678911234567891
12345678911234567891123456789112345678911234567891
12345678911234567891123456789112345678911234567891
12345678911234567891123456789112345678911234567891
12345678911234567891123456789112345678911234567891
12345678911234567891123456789112345678911234567891
12345678911234567891123456789112345678911234567891
12345678911234567891123456789112345678911234567891
12345678911234567891123456789112345678911234567891
12345678911234567891123456789112345678911234567891
12345678911234567891123456789112345678911234567891
12345678911234567891123456789112345678911234567891
12345678911234567891123456789112345678911234567891
12345678911234567891123456789112345678911234567891
12345678911234567891123456789112345678911234567891
12345678911234567891123456789112345678911234567891
12345678911234567891123456789112345678911234567891
12345678911234567891123456789112345678911234567891
12345678911234567891123456789112345678911234567891
12345678911234567891123456789112345678911234567891
12345678911234567891123456789112345678911234567891
12345678911234567891123456789112345678911234567891
12345678911234567891123456789112345678911234567891
12345678911234567891123456789112345678911234567891
12345678911234567891123456789112345678911234567891
12345678911234567891123456789112345678911234567891
12345678911234567891123456789112345678911234567891
12345678911234567891123456789112345678911234567891
12345678911234567891123456789112345678911234567891
12345678911234567891123456789112345678911234567891
12345678911234567891123456789112345678911234567891
12345678911234567891123456789112345678911234567891
12345678911234567891123456789112345678911234567891
12345678911234567891123456789112345678911234567891
12345678911234567891123456789112345678911234567891
12345678911234567891123456789112345678911234567891
12345678911234567891123456789112345678911234567891
12345678911234567891123456789112345678911234567891
12345678911234567891123456789112345678911234567891
12345678911234567891123456789112345678911234567891
12345678911234567891123456789112345678911234567891
12345678911234567891123456789112345678911234567891
12345678911234567891123456789112345678911234567891
1 1
24 24
